1; 23102.586230386798; 28546.02456190582; 33968.44513852542
2; 19842.060704320116; 26747.2202002424; 32133.64053778009
3; 19258.713154353456; 25228.362393749714; 32324.778257611022
4; 18217.609479115607; 23890.078331952966; 30536.89372808563
5; 17212.37414253241; 22665.21130566385; 30964.580657825765
6; 17212.37414253241; 21724.86149605739; 28797.265263947134
7; 16396.023327243613; 20994.45333409028; 28232.218236767127
8; 16040.65475136514; 20402.399152521815; 26364.768570044685
9; 15637.938168105662; 19908.75901672036; 26636.690427451074
10; 15295.887869649216; 19564.196417372634; 26334.98574780291
11; 15120.136111286693; 19144.52044982304; 24679.265525766314
12; 14664.163044303777; 18810.0983854729; 26020.40780862677
13; 14395.79382720298; 18373.208226666367; 25184.356093638125
14; 14002.468275083262; 17962.332725033924; 25235.40682755844
15; 13973.36630520696; 17661.988037526284; 25224.38175449556
16; 13530.759447446066; 17481.067356613927; 26582.70894157438
17; 13050.363027946301; 17246.603423829623; 25610.11732967516
18; 13140.25296922304; 17005.29179789157; 24419.3128420738
19; 13215.637348013399; 16851.40411138525; 24027.1161224165
20; 12819.223348295853; 16615.727632702856; 24634.66497839937
21; 12153.472867409411; 16387.38235228845; 26481.490854624364
22; 12234.654556825606; 16232.152658096362; 23710.162989969853
23; 12234.654556825606; 16033.588490506481; 23518.09689868833
24; 12325.513231860345; 15878.21928187849; 23664.146852168873
25; 11702.46003849896; 15696.93771258738; 23690.721995226635
26; 11720.818734696571; 15541.376268535456; 23134.804130349374
27; 11750.40101987266; 15391.649934030696; 22956.61953044181
28; 11420.324512802961; 15233.809707008373; 22927.187018342338
29; 11286.687594844132; 15080.285713667437; 22214.80880349917
30; 11070.45510545812; 14913.774990515029; 22724.448083573967
31; 11068.918160316593; 14767.555165825403; 22365.003487886024
32; 11381.527563556207; 14739.710575833898; 22470.95197975059
33; 11381.527563556207; 14645.789513384723; 22553.958813519206
34; 11257.296960383754; 14620.98800911317; 21795.22734009683
35; 10969.976258348177; 14530.017316323783; 22899.40837459174
36; 10969.976258348177; 14423.082286563807; 24647.858655331274
37; 10351.691140148223; 14265.981443919549; 22182.47954178075
38; 10744.696596228301; 14096.008639479538; 21669.44150986965
39; 10712.418378768236; 14008.90695705567; 22378.23068004338
40; 10821.177370813672; 13897.691970969052; 21975.618783842885
41; 11021.392601648993; 13877.945663294322; 21133.7713181695
42; 10702.185627939552; 13881.256570479565; 21745.899538557685
43; 10646.706969957419; 13694.535431390801; 20644.867350758745
44; 10201.444823994663; 13579.62445091728; 22017.24325104336
45; 10498.722505598524; 13486.214757605814; 21935.75588759638
46; 10239.723743319699; 13409.60851355941; 21687.48141940852
47; 10251.155509172606; 13323.568895998947; 22744.423243509867
48; 10296.927890184494; 13429.071166859812; 21290.79666870989
49; 10145.564783542075; 13329.491295283085; 21980.121087324267
50; 10315.5732374738; 13296.535987176778; 21648.93425985987
51; 10289.14241764954; 13160.295992486417; 22383.861444944654
52; 10244.894826669537; 13166.325962179004; 20442.49150758363
53; 9857.996044098254; 13190.939060958017; 21499.589990862387
54; 9857.996044098254; 13101.41932758517; 22716.45235144345
55; 9857.996044098254; 13101.414957714642; 20676.982092986
56; 9857.996044098254; 13077.176888834038; 21133.364832242525
57; 9952.11037970377; 13025.908292060905; 21159.64907225436
58; 9952.11037970377; 13002.230149065468; 22045.72940830556
59; 10147.143328471198; 12973.038373122878; 21457.42173764576
60; 9903.9940196647; 12965.2251951165; 20808.65266836019
61; 9832.533164784465; 12928.883557664307; 20608.788871484136
62; 9895.794652244347; 12883.526402297299; 20448.103828859676
63; 10017.360713023518; 12945.148505608433; 20627.883245945774
64; 9988.59583476552; 12895.977256632428; 20854.398790362142
65; 9966.625511451197; 12891.904625852314; 20219.21233990511
66; 9859.363743936781; 12851.42063943508; 21525.424862326287
67; 9815.513180164928; 12794.112868446804; 20336.251637861496
68; 9740.409927493196; 12712.846800274647; 22708.119684351244
69; 9755.358081231652; 12617.666125158341; 20370.702747426178
70; 9753.081024729325; 12567.818693962177; 21284.95683313798
71; 9737.07472992841; 12563.394528855508; 20604.61647331302
72; 9490.852756206656; 12561.228707497326; 21762.151458776127
73; 9644.06981476834; 12524.812244200037; 20184.83692083138
74; 9551.674206603791; 12598.949505797902; 21255.88877221416
75; 9551.674206603791; 12559.232227950635; 19022.057754117155
76; 9505.9557400625; 12545.190548598825; 19622.58770562967
77; 9529.198599412037; 12545.125092034938; 20221.20304849186
78; 9572.4985420954; 12496.634119047803; 19905.483015722173
79; 9487.87169647713; 12368.385133033811; 19785.186072728317
80; 9394.481931941582; 12284.589239457415; 20084.704197660354
81; 9427.700856752757; 12227.28720594826; 20745.381706317472
82; 9434.68928317143; 12212.67194951949; 20736.082188567612
83; 9541.097799804602; 12220.743953671781; 19999.933186231938
84; 9731.034588269165; 12241.05160637828; 18912.848077869963
85; 9559.076633059418; 12346.655720475403; 20173.457307656703
86; 9690.249479885733; 12334.794903113714; 20438.600744284915
87; 9571.399514485163; 12394.029868159447; 19413.89868139507
88; 9629.395473748154; 12391.262067883816; 19170.173046009797
89; 9629.395473748154; 12444.395174732024; 19535.2296094523
90; 9597.227433997592; 12428.858030486695; 20432.468521754337
91; 9519.718333893383; 12405.835320111448; 19551.700368751335
92; 9385.39693332779; 12341.635682849334; 20906.607879283794
93; 9421.154085063046; 12241.683848471377; 19508.4776526755
94; 9288.03408425066; 12197.40736543506; 19335.156386204726
95; 9386.526868130364; 12073.905236612802; 22176.562560851933
96; 9181.024645996149; 11952.503808248333; 19303.855933098563
97; 9310.255166117659; 11954.578737050866; 19829.858026632475
98; 9007.45830599195; 11883.579871559907; 19605.250702070192
99; 9007.45830599195; 11890.340661710548; 20119.315636992364
100; 9037.338153742896; 11961.418149613306; 22208.984700676112
101; 9321.963381662183; 12003.216728063286; 19045.131364984543
102; 9528.901051921257; 12075.367406495772; 19817.44404386532
103; 9516.050114026142; 12161.66604370365; 19456.65803132473
104; 9386.43303121677; 12245.944947790505; 20186.021929689457
105; 9411.586758726777; 12200.605348440666; 21158.51850072092
106; 9427.444455701097; 12110.456610863355; 20773.97981701844
107; 9339.359791005327; 12100.489013792589; 20677.21800155947
108; 9216.43119798875; 12023.960709353449; 19810.163519446916
109; 9036.605647449058; 11905.919077079294; 19488.991333080117
110; 9036.605647449058; 11853.03461691114; 19337.06584580938
111; 9036.605647449058; 11655.101412961743; 20275.11897105501
112; 9036.605647449058; 11575.184983614376; 20652.13755112739
113; 8985.698415866686; 11497.521240623668; 19884.601009588314
114; 8789.37184756182; 11520.063428780122; 18920.916190692747
115; 8981.401897999178; 11490.184576269778; 19260.720717055505
116; 8981.401897999178; 11537.836264719632; 18522.853880077662
117; 9194.927579228057; 11535.40942946114; 21311.35445315918
118; 9182.536478904685; 11532.333589866334; 19407.957050478835
119; 9129.310078742019; 11518.306989870725; 20118.01324957578
120; 9171.51403764198; 11551.540002311252; 19938.63596621785
121; 9142.00457135208; 11545.79259690943; 20152.351005463046
122; 9111.066868882981; 11486.27788137433; 19153.384169156405
123; 9049.020259320965; 11534.95966184639; 19683.93566256185
124; 8977.45501309759; 11523.5851234386; 19823.01575726617
125; 8980.083530958434; 11532.885589013147; 19536.666656365192
126; 8875.677891649304; 11531.87731705238; 20799.426084760074
127; 8875.677891649304; 11385.292374925297; 19713.406699021874
128; 8821.971864709396; 11269.919430643222; 20677.739582878436
129; 8711.844539051768; 11051.64520733476; 19104.809625271297
130; 8730.1718288855; 10981.660723065146; 19892.43963387335
131; 8758.657179245487; 10946.731316544408; 19012.339394277013
132; 8748.953172018026; 10801.893150737247; 18266.43083332563
133; 8847.497338036277; 10774.54541804252; 18785.991852719228
134; 8817.242039107477; 10730.403077734138; 18309.01925455586
135; 8709.540270721043; 10668.85599865525; 19273.050070764784
136; 8708.245348768554; 10729.957067561676; 19705.04873680145
137; 8659.95751617258; 10596.797693830316; 19847.24143821201
138; 8657.594173817173; 10445.12139930485; 20013.862715820644
139; 8644.902043795622; 10158.729295021116; 18750.865367485596
140; 8688.161806915861; 9896.635918835389; 20173.408079132452
141; 8583.399356561944; 9706.816960118113; 18499.373386104224
142; 8474.42291384704; 9728.438128541919; 16360.309684526057
143; 8221.232593408482; 9828.055517751372; 17991.094949666043
144; 8221.232593408482; 9880.675176330493; 18227.990567515946
145; 8221.232593408482; 9589.799932886865; 18150.42075309924
146; 8169.446094877214; 9118.839016146874; 16614.419928809377
147; 8169.446094877214; 9005.748198226185; 17648.220313991187
148; 8144.711438244065; 8876.905700319887; 16397.997492468996
149; 8139.186044809045; 8770.905500419736; 16048.818166359619
150; 8139.186044809045; 8833.264968956837; 14815.69368721248
151; 8139.186044809045; 8899.68382423534; 17648.922971834756
152; 8139.186044809045; 8951.888838414485; 16459.88579035405
153; 8139.186044809045; 8713.837409819165; 19096.8406220718
154; 8139.186044809045; 8734.928262645992; 15440.976676491373
155; 8139.186044809045; 8701.432084896136; 16053.100414185448
156; 8139.186044809045; 8726.853331537484; 17883.486195918886
157; 8139.186044809045; 8736.524427906692; 18715.487640252035
158; 8139.186044809045; 8719.422369474474; 17276.976133589003
159; 8139.186044809045; 8739.358613895089; 16545.160507762193
160; 8139.186044809045; 8711.926663751927; 17067.236657166606
161; 8139.186044809045; 8708.699674181713; 16762.11060373277
162; 8139.186044809045; 8696.491639178874; 17708.840672491024
163; 8139.186044809045; 8688.47844305169; 16630.17231917391
164; 8139.186044809045; 8711.392096666843; 16453.006758232423
165; 8139.186044809045; 8723.776377623357; 16437.04146283044
166; 8139.186044809045; 8735.16405990641; 15994.802189719034
167; 8139.186044809045; 8706.52323021173; 17048.100662441742
168; 8139.186044809045; 8703.680095359809; 18380.312947646635
169; 8139.186044809045; 8710.413410048235; 16838.56955584908
170; 8139.186044809045; 8664.436992389146; 17337.44736326605
171; 8139.186044809045; 8738.648298010456; 16683.876997771447
172; 8139.186044809045; 8719.063063738198; 17148.556131182195
173; 8139.186044809045; 8715.80283792551; 15923.616133203594
174; 8139.186044809045; 8706.131310839417; 16440.755453909896
175; 8139.186044809045; 8681.21661795606; 16305.953692435718
176; 8139.186044809045; 8706.385291926425; 16004.366074209905
177; 8139.186044809045; 8727.254538090689; 16594.717536278386
178; 8139.186044809045; 8714.207848143582; 17792.71204261576
179; 8139.186044809045; 8722.045488181282; 18631.105568466228
180; 8139.186044809045; 8689.809703455725; 17357.40215172267
181; 8139.186044809045; 8696.64810361891; 16243.177023879854
182; 8139.186044809045; 8730.922209244662; 15626.29136588269
183; 8139.186044809045; 8680.440827995879; 17827.11240926244
184; 8139.186044809045; 8733.753813626266; 16780.40437098066
185; 8139.186044809045; 8708.501030024014; 16390.21115517183
186; 8139.186044809045; 8670.927389629074; 16703.32164656183
187; 8139.186044809045; 8701.179031215983; 18150.954776123326
188; 8139.186044809045; 8717.058054805053; 17093.8596776305
189; 8139.186044809045; 8708.219431761125; 17349.43420390826
190; 8139.186044809045; 8714.000011069562; 16303.803199690934
191; 8139.186044809045; 8760.42595185876; 17032.531826479255
192; 8139.186044809045; 8701.955339296313; 17787.07163717886
193; 8139.186044809045; 8700.781581993037; 17913.707931996312
194; 8139.186044809045; 8717.28373098275; 15931.986803577724
195; 8139.186044809045; 8737.624378781795; 17480.490500173837
196; 8139.186044809045; 8699.071723030498; 16441.789071100735
197; 8139.186044809045; 8689.19686301901; 17076.793468318596
198; 8139.186044809045; 8721.92796711718; 15313.160682294494
199; 8124.159985143804; 8735.04897463421; 18378.483114107657
200; 8124.159985143804; 8707.566864753; 15819.000411537407
