1; 22827.765236750947; 28492.301374266546; 34415.3557317488
2; 21378.836303907294; 26648.618552798198; 32915.79331151477
3; 20187.85909598211; 25173.609592993165; 31823.91424695642
4; 19035.630966855384; 24029.623159779032; 30151.611574292536
5; 17921.193233490445; 22981.522074101445; 29891.87971111462
6; 17198.107422343124; 21978.44626394802; 28180.592025318492
7; 15880.045773814782; 21132.81322601074; 27676.97669781841
8; 15528.332778906739; 20440.989032394868; 27593.750092599636
9; 15405.601072998497; 19774.229181267096; 27125.58283318653
10; 15166.91719345125; 19082.373342015268; 25371.562640593256
11; 14694.034851706716; 18570.526866227305; 24709.22627193623
12; 14135.152256442072; 18265.98673336629; 25345.42914241115
13; 13988.368759376292; 17926.499699478005; 26483.857037809943
14; 14295.82699184324; 17664.396046132006; 24018.78518776986
15; 13998.873910165756; 17515.702149330875; 26351.04020550816
16; 13806.456902746371; 17347.44578580117; 23441.13951809619
17; 13719.15105982646; 17162.771629058072; 24414.15956027979
18; 13240.425592768608; 17033.258038887092; 25281.10468733323
19; 13144.963071248194; 16870.489568448895; 24002.748067601715
20; 13037.23276480833; 16692.953314753533; 25282.842229348265
21; 12909.28104450433; 16624.832528084225; 23719.593867970845
22; 12909.28104450433; 16402.34097044079; 23000.265172037423
23; 12904.929090954844; 16253.263757023462; 22772.904927368287
24; 12898.475344869837; 16169.939282792673; 23847.18794544841
25; 12019.186272110257; 16073.630266528022; 24137.086247115334
26; 12813.585801580411; 15958.453297777149; 23230.38645024441
27; 12412.97232621793; 15896.999084776222; 26081.59749453826
28; 12427.65658555098; 15838.127134567403; 23449.567903026982
29; 12214.222916158356; 15850.363517010202; 23933.05188541074
30; 12263.017291580612; 15755.399213706136; 23432.365674977133
31; 11703.632625705515; 15641.410506625569; 22769.228773485658
32; 11661.19958696643; 15546.839149517818; 22256.69463348789
33; 11630.688088673676; 15423.520522472876; 23249.511241119246
34; 11763.987519390546; 15343.763868737838; 22814.799540303713
35; 11627.711578114071; 15308.871031046176; 22554.440443439864
36; 11096.460229807864; 15225.921582066137; 23028.68911253358
37; 11096.460229807864; 15051.787652999341; 22240.683882170473
38; 11443.278141827812; 14939.630017742355; 22492.554716085644
39; 10779.573561692292; 14781.143002411356; 22580.450123561823
40; 10779.573561692292; 14659.690723424274; 21838.90942398302
41; 10759.525280060107; 14524.009204785169; 22483.405242735796
42; 11183.255674256341; 14416.8625761218; 21409.792383946024
43; 10924.87925024361; 14332.713278503692; 24073.34970546994
44; 11074.493266460957; 14236.2363366366; 22030.32406427518
45; 10729.93570530302; 14175.63396004298; 21344.66024796961
46; 10689.326785874537; 14112.279650878165; 22244.66377875896
47; 10977.051619548994; 14012.379225172997; 23381.260858351077
48; 10820.611128080564; 13923.555681485263; 21254.49841101977
49; 10586.628885785589; 13870.542119631058; 21604.862256910717
50; 10432.335252016579; 13756.873089711646; 22391.028809808467
51; 10446.536269634225; 13642.192574730914; 20922.027669669907
52; 10676.60790949058; 13649.217922478705; 21062.1715240586
53; 10528.451944244514; 13609.245629273426; 21676.83720012597
54; 10427.272121708456; 13560.852570511657; 21188.191173312098
55; 10497.973248006125; 13482.301968456053; 21434.620142681495
56; 10042.797175207845; 13421.478864567673; 20623.038356036046
57; 10011.820160899288; 13352.650329957594; 20087.56604136571
58; 10045.946335959174; 13304.03915819983; 19796.654827104743
59; 9987.432306170898; 13197.494726321944; 20762.807374957254
60; 9494.610906653832; 13014.755385856255; 21332.863418150424
61; 9494.610906653832; 12932.342290253058; 20221.6760921583
62; 9354.872899748612; 12855.126054894674; 21378.64634706409
63; 9744.615271418783; 12762.48834687865; 20846.68961581885
64; 9578.568426575483; 12721.674706189906; 20803.907041101847
65; 9741.31845072184; 12658.910969068233; 21014.078244820983
66; 9541.079693608446; 12611.935107900468; 20861.71307183575
67; 9519.52698366763; 12466.83496127655; 19925.865411108498
68; 9539.468009899078; 12448.528458089084; 20419.561491596523
69; 9702.078651599371; 12405.33301600187; 20850.829315863462
70; 9657.340551882733; 12348.187772840925; 19930.56779772573
71; 9519.066293871043; 12319.474397656622; 20445.28651488202
72; 9483.513080341963; 12374.7898884715; 22487.78450541668
73; 9198.924104837823; 12297.044185115745; 20728.885760378562
74; 9198.924104837823; 12266.051532922293; 20304.56446249485
75; 9344.550870251227; 12242.705430446618; 20201.578443104117
76; 9417.090698957296; 12231.40679883916; 20858.59491310936
77; 9308.637074022037; 12182.121751430912; 20029.00309198808
78; 9308.637074022037; 12231.525437112352; 19465.215121801066
79; 9130.279128023974; 12201.797036391243; 19290.346797727903
80; 9417.214158918496; 12205.83409910324; 21808.164656825003
81; 9394.97909575045; 12173.427666634276; 20263.91946705173
82; 9378.521608773453; 12129.753079418379; 18756.77649965319
83; 9335.737933439545; 12044.988706116948; 20740.199430976856
84; 9180.442917958462; 12054.329526564374; 20534.626772904656
85; 9233.746161438636; 12081.767456041924; 19855.011682754335
86; 9268.002991634472; 12033.95578304226; 20978.581689543127
87; 9152.4887376122; 11865.38400754767; 20532.23147757962
88; 9286.421175861315; 11905.421578044687; 21096.589017386872
89; 9259.79681739304; 11980.926263628315; 21083.787488805545
90; 9340.456509315285; 11898.017572758246; 18556.049425901347
91; 9238.476671149398; 11952.831000419568; 19746.30443466068
92; 9199.376204331269; 11992.189767644697; 23184.585451127346
93; 9199.376204331269; 11964.613923017829; 19338.01258182433
94; 9251.537454291749; 11878.054774592201; 19572.00385501746
95; 9212.859684684296; 11794.161866431386; 19308.32625619027
96; 9341.74671993392; 11806.803035773686; 21523.510326528834
97; 9141.43139592207; 11815.745917032293; 20190.824157532166
98; 9259.09354250687; 11762.89540548841; 20352.530552386586
99; 8987.056724263903; 11760.495614605086; 19673.13666024874
100; 9247.698524378566; 11697.200380298724; 19919.928020467585
101; 9140.363184089787; 11742.713614607086; 18759.04957249157
102; 9111.660513436967; 11777.177048238113; 19526.74793043246
103; 9042.79966918031; 11778.86830278292; 19879.287408792537
104; 8971.788299265974; 11745.077261573768; 19115.183780638905
105; 9123.391179503316; 11739.114876958603; 22078.258357713185
106; 9193.291450973067; 11788.634829959692; 19706.483241852016
107; 9127.220698832074; 11735.105516772845; 19327.99965679674
108; 9076.699546043952; 11764.47003815198; 20004.515170980278
109; 9244.706691082209; 11719.118048786273; 19860.38104403851
110; 9207.141050375663; 11709.234858435262; 19012.714706101415
111; 9201.711671989227; 11704.526025629224; 18861.862853454713
112; 9049.383344727557; 11715.737989870284; 19459.620975822425
113; 9084.327822028652; 11729.574565369352; 21377.916719070283
114; 9065.676410144206; 11699.465028138604; 18671.651173492955
115; 9130.364890230358; 11713.543707249299; 18964.99959476761
116; 9165.12638532899; 11763.644302070581; 19795.79079172486
117; 9128.738096154262; 11759.313646536222; 18987.566839953943
118; 9029.960521536119; 11721.201286937687; 19592.5708187229
119; 9029.960521536119; 11730.279719417134; 21386.494841926502
120; 9177.3843630623; 11685.57343691688; 21385.911484589356
121; 9189.40202763711; 11642.441257510132; 19310.432322777
122; 8894.446529471144; 11534.168860494641; 19533.68341254916
123; 8889.556392433693; 11411.513571239533; 20787.49964530306
124; 8919.47705651734; 11227.506632597; 20677.68263276142
125; 8932.779332237433; 11070.897705333802; 20239.346640899133
126; 8890.276513179628; 10849.473133802354; 18228.984367125388
127; 8804.003053682627; 10637.407665791892; 20853.07081375756
128; 8630.63274788389; 10394.750513129; 18916.87927623619
129; 8642.340496681041; 10097.809024295633; 17847.184221699004
130; 8578.139824064841; 9748.00524223847; 18328.480809610028
131; 8431.82858566469; 9506.174156096862; 17585.556208188824
132; 8389.076001935464; 9333.034875303656; 17392.773325158374
133; 8361.155858518123; 9230.35386860906; 17753.802902576277
134; 8339.352444123484; 9061.56487451882; 17541.61080158377
135; 8333.899219661504; 9025.712180550652; 17094.18525085899
136; 8333.899219661504; 9008.449840503134; 16662.87348032365
137; 8333.899219661504; 8915.5411222588; 17064.424599931153
138; 8331.552233118748; 8877.58138162761; 16709.231391760313
139; 8331.552233118748; 8900.972249272987; 16454.225306221528
140; 8331.552233118748; 8938.332308622696; 16967.976531227258
141; 8331.552233118748; 8888.302078066568; 18933.632617982665
142; 8331.552233118748; 8912.503380188726; 16921.692681965138
143; 8331.552233118748; 8903.577337693996; 19860.513720763112
144; 8312.248690378956; 8889.002972979251; 19397.666035156795
145; 8312.248690378956; 8871.209072223646; 17129.40788802362
146; 8312.248690378956; 8924.636329300514; 18100.913372092058
147; 8312.248690378956; 8925.427781992095; 15302.714945598505
148; 8304.44847937422; 8885.280163763467; 16946.85627740218
149; 8304.44847937422; 8888.39136084383; 18739.678761360898
150; 8297.309455813804; 8873.607868537221; 19465.61087935688
151; 8297.309455813804; 8894.57432788146; 17109.984829669
152; 8297.309455813804; 8904.549290216562; 15971.780675638674
153; 8297.309455813804; 8877.126911286565; 17139.499449642368
154; 8297.309455813804; 8865.96830439517; 16623.47720408343
155; 8297.309455813804; 8874.31193614346; 16941.649627765855
156; 8297.309455813804; 8873.599596351982; 16804.244335336098
157; 8297.309455813804; 8858.578632572793; 17673.328350470605
158; 8297.309455813804; 8844.123287564405; 15804.332258194905
159; 8297.309455813804; 8861.236264953253; 17135.996047993413
160; 8297.309455813804; 8844.344959830805; 17624.6377009827
161; 8297.309455813804; 8848.800747301917; 16152.396352304047
162; 8297.309455813804; 8821.72068083857; 17786.37980165848
163; 8297.309455813804; 8863.357708361713; 17714.753678330868
164; 8297.309455813804; 8857.67186165903; 19967.713415972325
165; 8297.309455813804; 8844.541498011857; 18096.10604309321
166; 8297.309455813804; 8888.432992662332; 17694.640557948525
167; 8297.309455813804; 8849.343453652626; 18095.266751037096
168; 8297.309455813804; 8849.917309183591; 16969.933662227533
169; 8297.309455813804; 8867.85143487414; 18243.561909723056
170; 8297.309455813804; 8859.00762411545; 18556.19498126159
171; 8297.309455813804; 8852.322966496042; 17129.013202211594
172; 8297.309455813804; 8885.810691356839; 17911.135625301362
173; 8297.309455813804; 8841.844001082894; 16439.19938008002
174; 8297.309455813804; 8882.683290338304; 16145.969994093182
175; 8297.309455813804; 8890.560297731168; 16633.20371112051
176; 8297.309455813804; 8859.63096904795; 15864.774492449513
177; 8297.309455813804; 8859.81570518483; 17483.905664177684
178; 8297.309455813804; 8864.274432016746; 16278.014753441517
179; 8297.309455813804; 8851.418132188379; 17742.311853787898
180; 8297.309455813804; 8893.659279507177; 16510.001820284877
181; 8297.309455813804; 8855.541543905141; 17574.74351409742
182; 8297.309455813804; 8855.500501513023; 16402.39846780179
183; 8297.309455813804; 8811.708727147789; 15531.757918719004
184; 8297.309455813804; 8820.965980270861; 16859.85135156116
185; 8297.309455813804; 8845.748673076148; 18393.8831546115
186; 8297.309455813804; 8869.08338068986; 16116.14791718188
187; 8297.309455813804; 8881.787175773545; 18311.203431428345
188; 8297.309455813804; 8867.295277988978; 17240.289745342106
189; 8297.309455813804; 8850.75141579223; 16285.552573674915
190; 8297.309455813804; 8891.335476649845; 19002.480951553665
191; 8297.309455813804; 8869.650106034282; 20616.53941959337
192; 8297.309455813804; 8859.420804106065; 16605.91956100021
193; 8297.309455813804; 8866.07350835624; 16615.750097504973
194; 8297.309455813804; 8866.11145923696; 16641.95670507467
195; 8297.309455813804; 8879.079481572362; 16782.625343647098
196; 8297.309455813804; 8867.20745797999; 16278.261990220659
197; 8297.309455813804; 8866.299141688134; 16444.510214701884
198; 8297.309455813804; 8845.453654707328; 17844.475626720425
199; 8297.309455813804; 8847.489107411862; 15904.003357538293
200; 8297.309455813804; 8863.670489933858; 15712.332614032619
